Feature	Gain	Cover	Frequency
ctrx_quarter	0.0778690852888814	0.0292978870617702	0.0323472208004914
mpayroll	0.0766639582762048	0.0313100504257507	0.0121813901115774
mtarjeta_visa_consumo	0.0662012941440593	0.0160913027807002	0.0186303613471184
mcaja_ahorro	0.0562115810420849	0.0231670255048552	0.0354181594840823
mpasivos_margen	0.0509134043250076	0.0227061003249683	0.0300951990991913
cpayroll_trx	0.0314564047656011	0.0145399740820667	0.00470877264817279
mcuenta_corriente	0.0311436567599228	0.0135132123420115	0.0194492783294094
mcuentas_saldo	0.0294409861967136	0.0277151749607335	0.0290715528713277
Visa_msaldopesos	0.0269768885147145	0.0140211950254536	0.0177090797420412
mactivos_margen	0.024445990834401	0.0254244229288254	0.0248746033370867
mprestamos_personales	0.0235324914767227	0.0154106585838926	0.00532296038489098
ctarjeta_visa_trx	0.0208407908437164	0.020502367965963	0.0224178523902139
Master_fechaalta	0.0181734333877881	0.0232697041931534	0.0321424915549186
Visa_Fvencimiento	0.0176578269001978	0.0126024298990283	0.0234414986180776
mrentabilidad_annual	0.0175216738577556	0.0161454857899766	0.020472924557273
cliente_edad	0.0171863854694484	0.022993137016616	0.0260006141877367
ccomisiones_otras	0.016280068855432	0.0127113138618925	0.0125908486027229
Master_Fvencimiento	0.0154204498509133	0.0194812332131357	0.0262053434333095
mrentabilidad	0.0146739065031673	0.0128875356138257	0.019346913706623
Visa_fechaalta	0.0142059889134725	0.0146840832866924	0.0252840618282322
mcomisiones_otras	0.0141170486568972	0.0135168128092637	0.0210871122939912
cliente_antiguedad	0.0136025210344586	0.0118565649476672	0.0192445490838366
chomebanking_trx	0.012173578783174	0.0130810456428719	0.0161736104002457
numero_de_cliente	0.0119676509313325	0.0109372037377396	0.019346913706623
Visa_msaldototal	0.0116622946440698	0.012199821225738	0.0161736104002457
Visa_mpagospesos	0.0116061733291488	0.0124052389453612	0.0188350905926912
Master_mfinanciacion_limite	0.0113543850699493	0.0122637395766347	0.0202681953117003
Visa_mpagominimo	0.0111227839116503	0.013316504132557	0.017094892005323
Master_status	0.0100646830794069	0.00650155379773414	0.00194492783294094
mautoservicio	0.00945085485612723	0.0137042985928238	0.0180161736104002
Visa_mfinanciacion_limite	0.00924684646039147	0.0110845060941881	0.0154570580407411
Visa_mconsumospesos	0.0091889132248355	0.0105384318752222	0.0163783396458184
mcomisiones	0.0090252351519695	0.00953433397023051	0.0145357764356638
mcaja_ahorro_dolares	0.00848228826722502	0.0181737657706374	0.0159688811546729
Visa_cconsumos	0.00833989948638243	0.00963609745595912	0.0142286825673047
Master_mlimitecompra	0.00812075419514855	0.0100679674685514	0.014023953321732
Visa_mlimitecompra	0.0080124281889516	0.0118683871522898	0.0137168594533729
mtarjeta_visa_debitos_automaticos	0.00790106868404946	0.01140578242483	0.0150475995495957
mcomisiones_mantenimiento	0.00782453772161619	0.016812346633798	0.0111577438837138
mtransferencias_emitidas	0.0077014430302612	0.0101642095673486	0.0120790254887911
mtransferencias_recibidas	0.00697058543755621	0.00651489966377771	0.0124884839799365
cproductos	0.0065691788239381	0.00970786040031021	0.0105435561469956
ccomisiones_mantenimiento	0.00574180898154217	0.0166578936287006	0.00491350189374552
Visa_mconsumototal	0.0055835697564283	0.00648463260736616	0.0118742962432183
ctransferencias_recibidas	0.00556771917144038	0.0129440770297239	0.0084962636912683
thomebanking	0.00528689837039746	0.00583733296132528	0.00388985566588187
ctarjeta_debito_trx	0.00497065809152355	0.00945401237327725	0.0152523287951684
Visa_mpagado	0.00474191924298094	0.00992420523632848	0.00675606510390009
Master_msaldototal	0.00473032438375247	0.00433334839562324	0.00603951274439554
Master_mpagominimo	0.00470144634810163	0.00688373132794415	0.00593714812160917
mextraccion_autoservicio	0.00447586362139724	0.0104666639022856	0.0105435561469956
Master_mpagospesos	0.00439603836086707	0.0145368412732704	0.00839389906848193
mpagomiscuentas	0.00424000176750627	0.00952571497460177	0.00788207595455011
ctarjeta_visa_debitos_automaticos	0.00422609793439427	0.00620760280095836	0.00808680520012284
mcuenta_debitos_automaticos	0.00416415983822281	0.00641131583008084	0.00716552359504555
ccuenta_debitos_automaticos	0.00408045817865355	0.0104674835617298	0.00624424198996827
tcallcenter	0.00400987230408918	0.00310682106610057	0.00184256321015457
ctransferencias_emitidas	0.0039521025001285	0.0127676390486121	0.00706315897225919
ccaja_ahorro	0.00361452707768003	0.0118490421836878	0.00419694953424097
ccallcenter_trx	0.00320104948350961	0.0067947756496055	0.00266148019244549
Visa_mconsumosdolares	0.00310213048343368	0.00273802460203296	0.00552768963046371
mdescubierto_preacordado	0.00295179306862709	0.00666668248994919	0.00184256321015457
ctarjeta_debito	0.00286153027018451	0.00376550040123587	0.00470877264817279
cmobile_app_trx	0.00275370055909126	0.00169294372482759	0.00348039717473641
cprestamos_personales	0.00241375729616023	0.00557999509592223	0.00214965707851367
Master_mconsumospesos	0.00227558325246292	0.00388463765003175	0.00563005425325008
cpagomiscuentas	0.00215212831805034	0.00555698931704155	0.00450404340260006
ccajas_consultas	0.00203304133569466	0.00799148346683038	0.00153546934179548
Visa_mpagosdolares	0.00196070293928492	0.00433951847009026	0.00255911556965913
mplazo_fijo_dolares	0.00196003347202123	0.0134125853166167	0.0020472924557273
matm	0.00184620811910735	0.0046409721165032	0.00501586651653189
Master_fultimo_cierre	0.0018038271191196	0.00387104538329634	0.0044016787798137
cextraccion_autoservicio	0.00175255000656872	0.00472044388249889	0.00747261746340465
Master_msaldopesos	0.00158751048255744	0.00356374349189144	0.00296857406080459
Master_mconsumototal	0.00155945798110538	0.0024069173866453	0.00337803255195005
ccaja_seguridad	0.00148385078341627	0.00539787984172708	0.00143310471900911
cseguro_accidentes_personales	0.0013467005627358	0.00711693701130383	0.00225202170130003
Visa_Finiciomora	0.00123039166968783	0.00473285946021614	0.00112601085065002
Master_cconsumos	0.00107251723932544	0.00291687630420766	0.00245675094687276
Visa_fultimo_cierre	0.00103792562680917	0.00122083999926824	0.00225202170130003
ctarjeta_master	0.000980250149791319	0.000523214269066076	0.000716552359504555
Visa_status	0.000880128626348573	0.00680841820219639	0.00112601085065002
catm_trx	0.000871524281249793	0.00476524355114326	0.00266148019244549
matm_other	0.000848676021160325	0.00310828438449494	0.00225202170130003
active_quarter	0.000810720848687588	0.000469483832489005	0.000921281605077285
cplazo_fijo	0.000791696943426953	0.00255981655880837	0.00061418773671819
mtarjeta_master_consumo	0.000742398227298121	0.00226840499773417	0.00153546934179548
tmobile_app	0.000688348925615855	0.0064228262623995	0.00102364622786365
tpaquete9	0.000683194577795129	0.00313579074744081	0.00081891698229092
Visa_delinquency	0.000682632177052584	0.00146880458121039	0.000511823113931825
cinversion1	0.000667308541336749	0.00632999857318914	0.00081891698229092
ccajas_trx	0.000656473942703985	0.00254319708357325	0.00081891698229092
Visa_msaldodolares	0.000620949796712265	0.00272978777890585	0.00163783396458184
ctarjeta_master_trx	0.000618214436282068	0.00163958540358105	0.00143310471900911
mtarjeta_visa_descuentos	0.000614448462152956	0.00644734564553004	0.00214965707851367
mcheques_emitidos	0.00059243928199938	0.0023949392958707	0.000307093868359095
Master_mconsumosdolares	0.000559440947367968	0.000536826650143673	0.00122837547343638
Master_mpagosdolares	0.000527560918136941	0.000723221230639908	0.00163783396458184
mttarjeta_master_debitos_automaticos	0.000516415191291863	0.00169667493530398	0.00122837547343638
tpaquete7	0.000509965915967516	0.00485576814817279	0.000716552359504555
Master_mpagado	0.000506959330383829	0.00679025997978368	0.00112601085065002
cseguro_vivienda	0.000334719125166371	0.000363456106215956	0.000307093868359095
ccajas_extracciones	0.000320937725425755	0.00190105173771875	0.000511823113931825
internet	0.000298829126702524	0.00284222192316665	0.000511823113931825
Master_madelantopesos	0.000289951926324915	0.000692612230411117	0.00122837547343638
mcaja_ahorro_adicional	0.000282557731542877	0.00140149193506901	0.000307093868359095
tpaquete1	0.000189542067700009	0.00400748096637627	0.000511823113931825
Visa_madelantodolares	0.000188209565186787	0.00013302117349305	0.00040945849114546
minversion2	0.000186079335788463	0.00318807797996569	0.00040945849114546
cforex	0.000161465637415174	0.000356054028289756	0.00020472924557273
ctarjeta_visa_descuentos	0.000147446198746471	0.00115876713926755	0.00081891698229092
cseguro_vida	0.000127025332528608	0.000165732122480775	0.00020472924557273
Visa_madelantopesos	0.000107656911509309	0.000203461599845095	0.00040945849114546
ctarjeta_master_debitos_automaticos	9.95981046999575e-05	0.000655933727426265	0.00020472924557273
minversion1_pesos	9.9558203528246e-05	0.000745321864122007	0.00020472924557273
ccajeros_propios_descuentos	9.87890719043526e-05	0.00223135940800434	0.000307093868359095
catm_trx_other	8.29452029683203e-05	0.000544087927674538	0.000511823113931825
mcheques_depositados	8.21326327149181e-05	0.00235763724827793	0.000307093868359095
ccheques_depositados	6.4681556950076e-05	0.00160299238655051	0.00020472924557273
ccajas_depositos	5.94115321670314e-05	0.000310711272406233	0.000102364622786365
cseguro_auto	5.91675706811352e-05	0.00159435327657958	0.00020472924557273
Master_msaldodolares	5.12863046596335e-05	7.81794195099404e-05	0.000102364622786365
Master_delinquency	5.03265462954495e-05	0.000140111479115294	0.00020472924557273
Visa_cadelantosefectivo	3.7587963698214e-05	1.73335343828883e-05	0.000102364622786365
mforex_sell	1.28845300643801e-05	0.000251223105377057	0.000307093868359095
Master_madelantodolares	6.18737909512905e-06	3.50743841951395e-05	0.000102364622786365
Master_cadelantosefectivo	9.69890384224344e-13	0.00016868390219727	0.000511823113931825
